15
9
52
176

0
Abasolo
5
15 27 0 80
10 39 0 80
14 21 0 80
21 20 0 80
22 24 0 80

1
Acambaro
4
17 25 0 80
26 30 0 80
37 17 0 80
38 29 0 80

2
Apaseo_el_Alto
3
3 12 0 80
5 25 0 80
38 33 0 80

3
Apaseo_el_Grande
2
2 12 0 80
5 25 0 80

4
Atarjea
2
31 79 0 40
44 37 0 40

5
Celaya
11
2 25 0 80
3 12 0 80
7 22 0 80
9 17 0 80
34 17 0 80
25 39 0 80
26 34 0 80
32 42 0 80
38 30 0 80
43 18 0 80
48 0 0 110

6
Cd_Manuel_Doblado
4
10 38 0 80
29 36 0 80
23 22 0 80
24 60 0 80

7
Comonfort
3
5 17 0 80
34 25 0 80
32 20 0 80

8
Coroneo
1
17 16 0 80

9
Cortazar
2
26 31 0 80
43 6 0 80

10
Cueramaro
4
0 39 0 80
6 38 0 80
15 38 0 80
24 40 0 80

11
Doctor_Mora
3
31 39 0 80
30 20 0 80
33 37 0 80

12
Dolores_Hidalgo
6
13 39 0 70
34 58 0 80
27 38 0 80
28 47 0 80
31 42 0 80
32 37 0 80

13
Guanajuato
6
12 39 0 70
15 39 0 80
34 62 0 80
32 71 0 80
36 19 0 70
51 0 0 110

14
Huanimaro
3
0 21 0 80
22 22 0 80
41 34 0 70

15
Irapuato
7
0 27 0 80
10 38 0 80
13 39 0 80
22 14 0 80
25 20 0 80
36 30 0 80
47 0 0 110

16
Jaral_del_Progreso
3
26 32 0 80
41 10 0 80
45 38 0 80

17
Jerecuaro
3
1 25 0 80
8 16 0 80
37 21 0 80

18
Leon
3
28 80 0 80
29 17 0 80
36 26 0 80

19
Moroleon
2
40 3 0 30
45 38 0 80

20
Ocampo
1
28 32 0 80

21
Penjamo
1
0 20 0 80

22
Pueblo_Nuevo
4
0 24 0 80
14 22 0 80
15 14 0 80
25 18 0 80

23
Purisima_del_Rincon
2
6 22 0 80
29 20 0 80

24
Romita
3
6 60 0 80
10 40 0 80
36 12 0 80

25
Salamanca
7
5 39 0 80
15 20 0 80
34 22 0 80
22 18 0 80
41 20 0 80
43 20 0 80
46 0 0 110

26
Salvatierra
3
1 30 0 80
38 17 0 80
45 24 0 80

27
San_Diego_de_la_Union
2
12 39 0 80
31 45 0 80

28
San_Felipe
4
12 47 0 80
18 80 0 80
20 32 0 80
36 62 0 80

29
San_Fco_del_Rincon
3
6 36 0 80
18 17 0 80
23 20 0 80

30
San_Jose_Iturbide
2
31 37 0 80
32 54 0 80

31
San_Luis_de_la_Paz
6
4 79 0 40
11 39 0 80
12 42 0 80
27 45 0 80
30 37 0 80
33 51 0 80

32
San_Miguel_de_Allende
4
5 42 0 80
7 20 0 80
12 37 0 80
30 39 0 80

33
Santa_Catarina
3
11 37 0 80
30 39 0 80
31 51 0 80

34
StaCruzD_Juventino_Rosas
6
5 17 0 80
7 25 0 80
12 58 0 80
13 62 0 80
25 22 0 80
43 13 0 80

35
Santiago_Maravatio
2
26 14 0 80
45 18 0 80

36
Silao
6
13 19 0 70
15 30 0 80
18 26 0 80
24 12 0 80
28 62 0 80
50 0 0 110

37
Tarandacuao
2
1 17 0 80
17 21 0 80

38
Tarimoro
4
1 29 0 80
2 33 0 80
5 30 0 80
26 17 0 80

39
Tierra_Blanca
2
33 12 0 80
42 14 0 80

40
Uriangato
3
19 3 0 30
41 25 0 80
45 28 0 80

41
Valle_de_Santiago
6
14 34 0 70
16 10 0 80
25 20 0 80
40 25 0 80
45 28 0 80
49 0 0 110

42
Victoria
5
30 42 0 80
31 35 0 80
33 18 0 80
39 14 0 80
44 26 0 80

43
Villagran
3
5 18 0 80
34 13 0 80
25 20 0 80

44
Xichu
2
4 37 0 40
42 26 0 80

45
Yuriria
5
16 38 0 80
19 12 0 80
35 18 0 80
40 7 0 80
41 28 0 80

46
cuota
3
41 32 46 110
15 22 20 110
5 39 39 110

47
cuota
1
25 22 20 110

48
cuota
1
25 39 39 110

49
cuota
1
25 32 46 110

50
cuota
1
13 19 24 110

51
cuota
1
36 19 24 110
